171	0	9	0	9	5000000000
183	0	171	1	9	4000000000
185	0	183	1	9	3000000000
187	0	185	1	9	2900000000
192	0	187	0	187	100000000
227	0	185	0	185	100000000
255	0	187	1	9	2800000000
504	0	367	0	367	5000000000
504	1	192	0	192	100000000
504	2	255	0	255	1000000000
533	0	293	0	293	5000000000
555	0	533	0	533	2500000000
557	0	555	0	555	100000000
557	1	555	1	533	2400000000
558	0	557	0	557	100000000
558	1	557	1	555	2400000000
559	0	558	0	557	100000000
559	1	558	1	557	2400000000
600	0	275	0	275	5000000000
600	1	424	0	424	5000000000
600	2	438	0	438	5000000000
600	3	449	0	449	5000000000
600	4	457	0	457	5000000000
601	0	324	0	324	5000000000
609	0	336	0	336	5000000000
724	0	509	0	509	5000000000
724	1	514	0	514	5000000000
746	0	517	0	517	5000000000
746	1	364	0	364	5000000000
962	0	612	0	610	5000000000
962	1	757	0	755	5000000000
962	2	790	0	788	5000000000
1075	0	472	0	472	5000000000
1075	1	480	0	480	5000000000
1075	2	640	0	638	5000000000
1075	3	575	0	573	5000000000
1075	4	529	0	529	5000000000
1075	5	500	0	500	5000000000
1075	6	446	0	446	5000000000
1075	7	775	0	773	5000000000
1075	8	846	0	844	5000000000
1075	9	842	0	840	5000000000
1077	0	414	0	414	5000000000
1077	1	682	0	680	5000000000
1077	2	609	1	336	2500000000
1077	3	550	0	550	5000000000
1077	4	748	0	746	5000000000
1077	5	832	0	830	5000000000
1206	0	1011	0	1009	5000000000
1206	1	440	0	440	5000000000
1206	2	606	0	604	5000000000
1206	3	401	0	401	5000000000
1206	4	791	0	789	5000000000
1206	5	953	0	951	5000000000
1206	6	968	0	966	5000000000
1206	7	978	0	976	5000000000
1236	0	903	0	901	5000000000
1236	1	766	0	764	5000000000
1320	0	327	0	327	5000000000
1320	1	958	0	956	5000000000
1320	2	1117	0	1114	5000000000
1320	3	468	0	468	5000000000
1320	4	1146	0	1143	5000000000
1320	5	827	0	825	5000000000
1320	6	1018	0	1016	5000000000
1320	7	1160	0	1157	5000000000
1320	8	964	0	962	5000000000
1320	9	785	0	783	5000000000
1414	0	1005	0	1003	5000000000
1414	1	945	0	943	5000000000
1414	2	839	0	837	5000000000
1480	0	623	0	621	5000000000
1480	1	1319	0	1316	5000000000
1480	2	1263	0	1260	5000000000
1480	3	1214	0	1211	5000000000
1480	4	1323	0	1319	5000000000
1480	5	1357	0	1353	5000000000
1613	0	1017	0	1015	5000000000
1613	1	1292	0	1289	5000000000
1613	2	1157	0	1154	5000000000
1613	3	1135	0	1132	5000000000
1613	4	941	0	939	5000000000
1613	5	1050	0	1048	5000000000
1613	6	1228	0	1225	5000000000
1613	7	868	0	866	5000000000
1613	8	1003	0	1001	5000000000
1613	9	1156	0	1153	5000000000
1795	0	1434	0	1430	5000000000
1974	0	1165	0	1162	5000000000
1974	1	1140	0	1137	5000000000
1974	2	1539	0	1534	5000000000
1974	3	1546	0	1541	5000000000
1974	4	1648	0	1643	5000000000
1974	5	1602	0	1597	5000000000
1974	6	1605	0	1600	5000000000
1974	7	1618	0	1613	5000000000
1974	8	1762	0	1757	5000000000
1974	9	1740	0	1735	5000000000
1974	10	1747	0	1742	5000000000
1974	11	1770	0	1765	5000000000
1974	12	1366	0	1362	5000000000
1974	13	1407	0	1403	5000000000
1974	14	1424	0	1420	5000000000
1974	15	1423	0	1419	5000000000
1974	16	1421	0	1417	5000000000
1974	17	1422	0	1418	5000000000
1974	18	1415	0	1411	5000000000
1974	19	1625	0	1620	5000000000
1997	0	1743	0	1738	5000000000
1997	1	1795	0	1790	5000000000
1997	2	1686	0	1681	5000000000
2308	0	2138	0	2132	5000000000
2308	1	2146	0	2140	5000000000
2308	2	1932	0	1927	5000000000
2308	3	1928	0	1923	5000000000
2308	4	2108	0	2102	5000000000
2308	5	1854	0	1849	5000000000
2308	6	1864	0	1859	5000000000
2308	7	1966	0	1961	5000000000
2308	8	2157	0	2151	5000000000
2308	9	2184	0	2178	5000000000
2308	10	2026	0	2020	5000000000
2308	11	2068	0	2062	5000000000
2550	0	1497	0	1492	5000000000
2550	1	667	0	665	5000000000
2550	2	1256	0	1253	5000000000
2550	3	837	0	835	5000000000
2550	4	1061	0	1059	5000000000
2550	5	887	0	885	5000000000
2550	6	1217	0	1214	5000000000
2550	7	1641	0	1636	5000000000
2550	8	985	0	983	5000000000
2550	9	821	0	819	5000000000
2550	10	1174	0	1171	5000000000
2550	11	1084	0	1081	5000000000
2550	12	1400	0	1396	5000000000
2550	13	860	0	858	5000000000
2550	14	701	0	699	5000000000
2550	15	426	0	426	5000000000
2550	16	1551	0	1546	5000000000
2550	17	537	0	537	5000000000
2550	18	1340	0	1336	5000000000
2550	19	770	0	768	5000000000
2649	0	2516	0	2509	5000000000
2649	1	2490	0	2483	5000000000
2788	0	704	0	702	5000000000
2847	0	2709	0	2702	5000000000
2848	0	2847	0	2840	5000000000
2849	0	2848	0	2840	5000000000
2850	0	2849	1	2840	4999000000
2851	0	2850	1	2840	4998000000
2853	0	2851	1	2840	4997000000
2854	0	2853	1	2840	4996000000
2855	0	2854	1	2840	4995000000
2856	0	2855	1	2840	4994000000
2857	0	2856	1	2840	3494000000
2862	0	2857	1	2840	3493000000
2863	0	2862	0	2840	100000000
2863	1	2862	1	2840	3293000000
2864	0	2863	0	2840	100000000
2864	1	2863	1	2840	3193000000
2962	0	1308	0	1305	5000000000
2964	0	2788	0	2781	5000000000
2972	0	2667	0	2660	5000000000
3358	0	2418	0	2411	5000000000
3358	1	2115	0	2109	5000000000
3358	2	1944	0	1939	5000000000
3358	3	1951	0	1946	5000000000
3358	4	2573	0	2566	5000000000
3358	5	1996	0	1990	5000000000
3358	6	2520	0	2513	5000000000
3358	7	2549	0	2542	5000000000
3358	8	2061	0	2055	5000000000
3358	9	2328	0	2321	5000000000
3358	10	2219	0	2213	5000000000
3358	11	2761	0	2754	5000000000
3358	12	2798	0	2791	5000000000
3358	13	1899	0	1894	5000000000
3358	14	1947	0	1942	5000000000
3358	15	2315	0	2308	5000000000
3361	0	1278	0	1275	5000000000
3361	1	2602	0	2595	5000000000
3361	2	1701	0	1696	5000000000
3362	0	2055	0	2049	5000000000
3363	0	3362	1	2049	4800000000
3363	1	1957	0	1952	5000000000
3363	2	1705	0	1700	5000000000
3363	3	1976	0	1970	5000000000
3565	0	2550	0	2543	100000000000
3701	0	2344	0	2337	5000000000
3701	1	2384	0	2377	5000000000
3701	2	2321	0	2314	5000000000
3701	3	2548	0	2541	5000000000
3701	4	2390	0	2383	5000000000
3701	5	2438	0	2431	5000000000
3701	6	2296	0	2290	5000000000
3701	7	2471	0	2464	5000000000
3701	8	2391	0	2384	5000000000
3701	9	2533	0	2526	5000000000
3701	10	2706	0	2699	5000000000
3701	11	2729	0	2722	5000000000
3701	12	2654	0	2647	5000000000
3701	13	3088	0	3075	5000000000
3701	14	2756	0	2749	5000000000
3701	15	3017	0	3004	5000000000
3701	16	2984	0	2971	5000000000
3701	17	2839	0	2832	5000000000
3701	18	3057	0	3044	5000000000
3701	19	2968	0	2955	5000000000
3701	20	3166	0	3153	5000000000
3701	21	3220	0	3207	5000000000
3701	22	3239	0	3226	5000000000
3701	23	3064	0	3051	5000000000
3701	24	3311	0	3298	5000000000
3701	25	3201	0	3188	5000000000
3701	26	3510	0	3497	5000000000
3701	27	3526	0	3513	5000000000
3701	28	3557	0	3544	5000000000
3701	29	3562	0	3549	5000000000
3701	30	2568	0	2561	5000000000
3701	31	2249	0	2243	5000000000
3701	32	2410	0	2403	5000000000
3701	33	2543	0	2536	5000000000
3701	34	2789	0	2782	5000000000
3701	35	2781	0	2774	5000000000
3701	36	2872	0	2860	5000000000
3701	37	3006	0	2993	5000000000
3701	38	3208	0	3195	5000000000
3701	39	3210	0	3197	5000000000
3701	40	3400	0	3387	5000000000
3701	41	3414	0	3401	5000000000
3701	42	3415	0	3402	5000000000
3701	43	3441	0	3428	5000000000
3940	0	2849	0	2841	1000000
3940	1	3576	0	3563	5000000000
3940	2	3651	0	3638	5000000000
3940	3	2850	0	2842	1000000
3940	4	3467	0	3454	5000000000
3940	5	3657	0	3644	5000000000
3940	6	3458	0	3445	5000000000
3940	7	3693	0	3680	5000000000
3940	8	3428	0	3415	5000000000
3940	9	2972	0	2959	2000000
3994	0	3844	0	3830	5000000000
3994	1	3865	0	3851	5000000000
3994	2	3860	0	3846	5000000000
3994	3	3870	0	3856	5000000000
4465	0	3901	0	3887	5000000000
4465	1	3402	0	3389	5000000000
4465	2	2739	0	2732	5000000000
4465	3	3556	0	3543	5000000000
4465	4	2689	0	2682	5000000000
4468	0	3472	0	3459	5000000000
4468	1	3453	0	3440	5000000000
4470	0	4016	0	4002	5000000000
4470	1	4465	0	4451	25000000000
4470	2	4468	0	4454	10000000000
4470	3	4171	0	4157	5000000000
4470	4	4340	0	4326	5000000000
4470	5	3889	0	3875	5000000000
4602	0	1022	0	1020	5000000000
4602	1	3385	0	3372	5000000000
4602	2	3606	0	3593	5000000000
4602	3	4060	0	4046	5000000000
4602	4	3991	0	3977	5000000000
4602	5	4132	0	4118	5000000000
4602	6	4138	0	4124	5000000000
4602	7	4247	0	4233	5000000000
4602	8	4253	0	4239	5000000000
4602	9	4273	0	4259	5000000000
4602	10	4000	0	3986	5000000000
4602	11	4213	0	4199	5000000000
4602	12	4029	0	4015	5000000000
4602	13	4294	0	4280	5000000000
4602	14	4301	0	4287	5000000000
4602	15	4351	0	4337	5000000000
4602	16	4373	0	4359	5000000000
4602	17	4416	0	4402	5000000000
4602	18	4420	0	4406	5000000000
4602	19	4462	0	4448	5000000000
4602	20	4201	0	4187	5000000000
4602	21	4203	0	4189	5000000000
4602	22	4408	0	4394	5000000000
4602	23	4440	0	4426	5000000000
4602	24	3881	0	3867	5000000000
4602	25	3990	0	3976	5000000000
4602	26	4019	0	4005	5000000000
4602	27	4476	0	4462	5000000000
4602	28	4125	0	4111	5000000000
4602	29	4275	0	4261	5000000000
4989	0	3618	0	3605	5000000000
4989	1	4630	0	4615	5000000000
4989	2	4649	0	4634	5000000000
4989	3	4626	0	4611	5000000000
4989	4	4621	0	4606	5000000000
4989	5	4556	0	4542	5000000000
4989	6	4544	0	4530	5000000000
4989	7	4527	0	4513	5000000000
4989	8	4721	0	4706	5000000000
4989	9	4692	0	4677	5000000000
4989	10	4775	0	4760	5000000000
4989	11	4773	0	4758	5000000000
4989	12	4838	0	4823	5000000000
4989	13	4658	0	4643	5000000000
4989	14	4510	0	4496	5000000000
4989	15	4822	0	4807	5000000000
5281	0	4392	0	4378	5000000000
5281	1	5029	0	5013	5000000000
5281	2	4623	0	4608	5000000000
5281	3	5054	0	5038	5000000000
5282	0	4618	0	4603	5000000000
5285	0	5281	0	5265	20000000000
5285	1	4636	0	4621	5000000000
5285	2	4442	0	4428	5000000000
5285	3	5282	0	5266	5000000000
5285	4	4687	0	4672	5000000000
5286	0	5285	0	5269	40000000000
5875	0	3591	0	3578	5000000000
5875	1	5636	0	5620	5000000000
5875	2	5637	0	5621	5000000000
5875	3	4893	0	4878	5000000000
5875	4	4892	0	4877	5000000000
5875	5	4948	0	4933	5000000000
5875	6	4960	0	4945	5000000000
5875	7	5284	0	5268	5000000000
5875	8	4980	0	4965	5000000000
5875	9	5071	0	5055	5000000000
5875	10	5098	0	5082	5000000000
5875	11	5209	0	5193	5000000000
5875	12	5215	0	5199	5000000000
5875	13	5268	0	5252	5000000000
5875	14	5276	0	5260	5000000000
5875	15	5321	0	5305	5000000000
5875	16	5254	0	5238	5000000000
5875	17	5373	0	5357	5000000000
5875	18	5378	0	5362	5000000000
5875	19	5435	0	5419	5000000000
5875	20	5448	0	5432	5000000000
5875	21	5468	0	5452	5000000000
5875	22	5486	0	5470	5000000000
5875	23	5545	0	5529	5000000000
5875	24	5749	0	5733	5000000000
5875	25	5598	0	5582	5000000000
5875	26	5649	0	5633	5000000000
5875	27	5615	0	5599	5000000000
5875	28	5190	0	5174	5000000000
5875	29	5262	0	5246	5000000000
5875	30	5315	0	5299	5000000000
5875	31	5673	0	5657	5000000000
5875	32	5295	0	5279	5000000000
5875	33	5093	0	5077	5000000000
5875	34	5008	0	4992	5000000000
5875	35	5040	0	5024	5000000000
5986	0	5423	0	5407	5000000000
5986	1	5446	0	5430	5000000000
5986	2	5433	0	5417	5000000000
5986	3	5855	0	5839	5000000000
5986	4	5372	0	5356	5000000000
5986	5	5790	0	5774	5000000000
5986	6	5705	0	5689	5000000000
6226	0	6076	0	6058	5000000000
6226	1	5237	0	5221	5000000000
6226	2	5183	0	5167	5000000000
6226	3	6091	0	6073	5000000000
6226	4	5731	0	5715	5000000000
6227	0	6061	0	6043	5000000000
6227	1	5963	0	5946	5000000000
6227	2	5974	0	5957	5000000000
6399	0	4902	0	4887	5000000000
6399	1	4955	0	4940	5000000000
6399	2	5814	0	5798	5000000000
6399	3	5815	0	5799	5000000000
6399	4	5827	0	5811	5000000000
6399	5	5844	0	5828	5000000000
6399	6	6264	0	6244	5000000000
6399	7	6005	0	5987	5000000000
6399	8	6013	0	5995	5000000000
6399	9	6030	0	6012	5000000000
6399	10	6035	0	6017	5000000000
6399	11	6043	0	6025	5000000000
6399	12	6055	0	6037	5000000000
6399	13	6072	0	6054	5000000000
6399	14	6276	0	6256	5000000000
6399	15	6105	0	6087	5000000000
6399	16	6185	0	6167	5000000000
6399	17	6159	0	6141	5000000000
6399	18	6196	0	6178	5000000000
6399	19	6216	0	6198	5000000000
6399	20	6251	0	6231	5000000000
6399	21	6233	0	6213	5000000000
6399	22	6255	0	6235	5000000000
6399	23	6245	0	6225	5000000000
6416	0	4950	0	4935	5000000000
6530	0	5830	0	5814	5000000000
6530	1	6263	0	6243	5000000000
6530	2	6319	0	6299	5000000000
6530	3	6374	0	6354	5000000000
6530	4	6387	0	6367	5000000000
6530	5	6360	0	6340	5000000000
6530	6	6343	0	6323	5000000000
6530	7	6338	0	6318	5000000000
6839	0	6347	0	6327	5000000000
6840	0	6684	0	6661	5000000000
6840	1	6439	0	6417	5000000000
6840	2	5168	0	5152	5000000000
6840	3	6516	0	6494	5000000000
6840	4	6650	0	6627	5000000000
6840	5	5457	0	5441	5000000000
6843	0	6840	0	6817	30000000000
6843	1	6640	0	6617	5000000000
6843	2	6192	0	6174	5000000000
6843	3	6181	0	6163	5000000000
6843	4	6134	0	6116	5000000000
6843	5	6117	0	6099	5000000000
6843	6	6839	0	6816	5000000000
6843	7	6147	0	6129	5000000000
6843	8	6403	0	6382	5000000000
6843	9	6278	0	6258	5000000000
6843	10	6460	0	6438	5000000000
6843	11	6311	0	6291	5000000000
6843	12	6337	0	6317	5000000000
6843	13	6312	0	6292	5000000000
6843	14	6574	0	6551	5000000000
6843	15	6581	0	6558	5000000000
6843	16	6624	0	6601	5000000000
6843	17	6635	0	6612	5000000000
6843	18	6626	0	6603	5000000000
7256	0	6799	0	6776	5000000000
7256	1	6795	0	6772	5000000000
7256	2	6957	0	6933	5000000000
7388	0	6730	0	6707	5000000000
7388	1	6924	0	6900	5000000000
7388	2	7069	0	7045	5000000000
7388	3	6835	0	6812	5000000000
7388	4	6753	0	6730	5000000000
7388	5	6748	0	6725	5000000000
7388	6	6939	0	6915	5000000000
7388	7	6962	0	6938	5000000000
7388	8	7037	0	7013	5000000000
7388	9	7032	0	7008	5000000000
7388	10	6756	0	6733	5000000000
7388	11	7256	0	7232	15000000000
7388	12	7045	0	7021	5000000000
7757	0	6889	0	6865	5000000000
7757	1	6701	0	6678	5000000000
7757	2	6488	0	6466	5000000000
7757	3	7165	0	7141	5000000000
7757	4	6639	0	6616	5000000000
7757	5	6987	0	6963	5000000000
7757	6	6579	0	6556	5000000000
7757	7	7194	0	7170	5000000000
7757	8	7261	0	7237	5000000000
7757	9	6845	0	6821	5000000000
7757	10	6784	0	6761	5000000000
7757	11	6410	0	6389	5000000000
7757	12	6619	0	6596	5000000000
7757	13	6613	0	6590	5000000000
7757	14	6709	0	6686	5000000000
7757	15	6433	0	6411	5000000000
7757	16	6474	0	6452	5000000000
7757	17	7105	0	7081	5000000000
7757	18	6555	0	6532	5000000000
7757	19	6601	0	6578	5000000000
7757	20	6478	0	6456	5000000000
7757	21	7269	0	7245	5000000000
7757	22	7177	0	7153	5000000000
7757	23	6674	0	6651	5000000000
7757	24	6463	0	6441	5000000000
7757	25	6866	0	6842	5000000000
7757	26	6972	0	6948	5000000000
7757	27	6872	0	6848	5000000000
7757	28	6911	0	6887	5000000000
7757	29	6997	0	6973	5000000000
7757	30	7027	0	7003	5000000000
7757	31	6942	0	6918	5000000000
7757	32	7013	0	6989	5000000000
7757	33	6906	0	6882	5000000000
7757	34	6501	0	6479	5000000000
7757	35	6636	0	6613	5000000000
7757	36	7190	0	7166	5000000000
7757	37	7039	0	7015	5000000000
7757	38	6886	0	6862	5000000000
7757	39	7272	0	7248	5000000000
7757	40	6538	0	6515	5000000000
7757	41	7178	0	7154	5000000000
7757	42	6573	0	6550	5000000000
7757	43	6864	0	6840	5000000000
7757	44	7313	0	7289	5000000000
7757	45	7278	0	7254	5000000000
7757	46	6490	0	6468	5000000000
7757	47	6677	0	6654	5000000000
8020	0	7730	0	7705	5000000000
8020	1	7422	0	7397	5000000000
8020	2	7864	0	7838	5000000000
8020	3	7893	0	7867	5000000000
8020	4	7739	0	7714	5000000000
8020	5	7398	0	7373	5000000000
8020	6	7705	0	7680	5000000000
8020	7	7340	0	7316	5000000000
8020	8	7652	0	7627	5000000000
